INDICES·

(8)ρ (881118) 919
(8888) ρ(88811)9. 39
8 (1 (8188(
(ἓ) 113181111113111.
e(gregiae)m m(emoriae) v(ir) 998
eminentissimum [v(ir)] 746
pp(1pe(p))t⁰{1(ppoppitpp)22l93. 836. 838. 839. 841. 849. 844
1(88188188) 8(8(8811 pel uraverunt) passum
'se(he¹ter) ((818) ((8811) 640
. ((88 8(888888188) 8(8(8888) 8(88) 8(8(88188) 319.
ρ(ιῖ)868’(1745)ἰῖ’(.1)885044 μ’ ⁵38
(888) (1(818) (1(88888888) (1(888818) 994
(8118(..ι 2.
1(888)ρ(851188)(1(818) (1(888818888) (1(88818) 97
Μ(ῗ8ρέ8ιρρρ) ρ8(81188)(8 (11( 8) Μ(8811)88)ρ. 18 518
ob(itus) 606
0(bit-) 458. 583. 630
8(888) 8(118) 519
ρ(818() 918
55801) 0)(810148))ρ3[5]18(811) 8(88) p. 901 (1)
911( sortasse = 0..) pppppevnppc appga 5811))
:ibe-⁶· 88. s. ξξέἲιῗῗέ) οξ((188)1147(81891)8(999981οι 812
. . . . 8(888188) ρ(ορ(188) (((88) 8(888888) 800. 849
1(881888818)1(18(1)1(88811) 936. 910
[4((1Ἑ4ῗ(159188)1]ιιιιξ)ῃ4)0. (7984480898804. 899. 847. 849

(1
(1
(18
(1
(1

(ir) ((8888) (0( 840
(05984 57?le11³²3⁰1⁸11⁸72n1=1t01posuit) (88

π(878(88888881) 515

>l
ρ(8(18811881888) 997. 541. 795. 837. 843 ,
(1818) ρ(818ι·1)1(18888) 8(81811) 355

v
(ir
0(0(0
νο

(otum ρ(88811)88(8811ο) 509

v
v
v
((8188 ((8888) 8(81811) 197
v
v
ι

(8188)( 8(81811) 160888) 356. 499. 501. 597
[((ο188)] 8(81(88881) [1(188811)]8 8(8188) 536
. ((8188) 8(81(11) 1(88188) ((16888) (8(88118) 518. 596
8. 8. 1. 1888818. ((8188) 8(81811) 1(11ι888)1(88188) 8(8(118)((8(11)(1(8)
8. 8. 1. m. v(otum) 8(81811) 1(18888)8ι 8(81118) p. 15. p. 16. 171.
179. 176. 184. 185. 187. 934. 999. 499. 430. 433.
440. 463. 479. 474. 480. 496 500. 504. 505. 590.
604. 771. (8188 perscriptum 184
((8188) 8(81811) 8(8(118) 96

 

